1352 1454 1460 1452 1450 1479 1456 1426 1478 1474 1472 1460 1457 1460 1467 1477 1470 1461 1456 1452 1450 1437 1437 1484 
1371 1314 1333 1344 1360 1334 1360 1367 1383 1335 1339 1332 1334 1319 1348 1335 1341 1336 1336 1353 1355 1337 1340 1328 
5990 1942 1992 1946 1938 1975 1939 1930 1937 1961 1937 1998 1929 1926 1907 1954 1951 1970 1976 1975 1990 1943 2003 1922 
5474 4807 4741 4794 4782 4784 4791 4789 4683 4746 4782 4673 4730 4611 4913 4663 4766 4727 4724 4804 4612 4681 4711 4853 
2770 1911 1882 1858 1934 1832 1925 1759 2047 1971 1950 2001 1945 1839 1906 1873 1920 1747 1877 1786 1959 2118 1850 2054 
5990 0 0 0 0 0 0 0 0 0 0 0 0 0 0 0 0 0 0 0 0 0 0 0 
1704 981 1019 1098 1079 1005 977 1030 1103 878 923 1143 901 1031 1064 905 1026 982 1062 1157 1079 948 1007 1043 
682 0 0 0 0 0 0 0 0 0 0 0 0 0 0 0 0 0 0 0 0 0 0 0 
715 611 621 642 612 634 623 633 632 637 609 611 625 625 622 631 621 614 614 615 618 640 635 637 
662 645 644 638 641 640 641 644 646 642 642 645 644 640 643 644 643 642 645 642 636 641 642 643 
654 0 0 0 0 0 0 0 0 0 0 0 0 0 0 0 0 0 0 0 0 0 0 0 
5990 3909 3832 3814 3720 3791 3888 3907 3705 3847 3852 3631 4019 4073 3757 3974 3842 4051 3901 3852 3828 3729 3787 3795 
431 0 0 0 0 0 0 0 0 0 0 0 0 0 0 0 0 0 0 0 0 0 0 0 
543 129 99 89 103 105 91 105 94 100 89 109 107 97 77 126 106 106 98 96 111 113 148 57 
543 113 103 98 110 121 104 109 86 140 117 114 105 119 84 137 97 118 86 94 119 130 138 49 
528 67 78 77 85 94 67 90 49 99 98 90 72 83 57 96 64 66 47 58 63 94 96 35 
423 24 47 39 51 60 30 57 27 42 51 47 40 39 25 51 35 40 36 29 29 50 60 16 
255 317 322 312 323 313 319 310 332 316 333 324 318 329 334 314 318 313 320 312 320 324 320 324 
214 107 102 102 118 107 112 124 121 105 114 115 87 114 122 106 109 122 107 95 126 107 90 94 
88 0 0 0 0 0 0 0 0 0 0 0 0 0 0 0 0 0 0 0 0 0 0 0 
194 9 21 13 19 24 10 25 8 18 20 17 15 16 11 20 13 17 17 10 13 19 27 5 
230 9 25 16 16 21 9 24 9 18 18 18 15 14 8 19 14 20 20 9 16 21 30 7 
174 0 0 0 0 0 0 0 0 0 0 0 0 0 0 0 0 0 0 0 0 0 0 0 
176 0 3 2 0 3 1 3 1 1 0 2 0 0 1 1 3 1 1 3 5 2 3 0 
124 0 0 0 0 0 0 0 0 0 0 0 0 0 0 0 0 0 0 0 0 0 0 0 
129 0 8 3 3 8 3 2 2 6 4 3 3 2 2 6 5 4 6 2 0 3 6 2 
133 3 5 4 2 6 3 8 3 8 2 7 5 5 2 6 2 5 9 2 6 6 6 3 
112 0 0 1 0 1 0 1 1 1 0 2 0 0 0 1 1 0 1 0 1 0 0 0 
104 0 0 1 0 2 0 0 1 0 0 1 0 0 1 0 0 0 1 1 2 0 1 0 
69 0 5 3 2 3 2 4 2 2 1 2 2 3 1 4 2 4 4 1 3 4 4 1 
96 0 0 0 0 0 0 1 0 0 0 1 0 0 0 0 1 0 0 0 2 0 1 0 
82 0 0 0 0 0 0 0 0 0 0 0 0 0 0 0 0 0 0 0 0 0 0 0 
72 0 0 0 0 0 0 0 0 0 0 0 0 0 0 0 0 0 0 0 0 0 0 0 
0 0 0 0 0 0 0 0 0 0 0 0 0 0 0 0 0 0 0 0 0 0 0 0 
70 0 2 2 2 3 1 2 1 1 1 1 0 4 1 3 1 3 2 1 2 2 4 1 
29 0 0 0 0 0 0 0 0 0 0 0 0 0 0 0 0 0 0 0 0 0 0 0 
4 0 0 0 0 0 0 0 0 0 0 0 0 0 0 0 0 0 0 0 0 0 0 0 
42 1 1 1 0 2 0 2 0 1 0 1 0 1 0 2 0 1 2 0 1 0 2 1 
1 0 0 0 0 0 0 0 0 0 0 0 0 0 0 0 0 0 0 0 0 0 0 0 
57 0 0 0 0 0 0 0 0 0 0 1 0 0 0 0 0 0 0 0 0 0 1 0 
0 0 0 0 0 0 0 0 0 0 0 0 0 0 0 0 0 0 0 0 0 0 0 0 
41 0 2 0 0 1 1 0 1 1 0 1 0 1 0 2 0 0 1 0 2 2 2 0 
0 0 0 0 0 0 0 0 0 0 0 0 0 0 0 0 0 0 0 0 0 0 0 0 
42 0 0 0 0 0 0 0 0 0 0 0 0 0 0 0 0 0 0 0 0 0 0 0 
33 0 0 0 0 0 0 0 0 0 0 0 0 0 0 0 0 0 0 0 0 0 0 0 
22 0 2 1 1 1 1 1 1 1 1 1 0 1 0 1 1 1 2 0 1 1 2 0 
1 0 0 0 0 0 0 0 0 0 0 0 0 0 0 0 0 0 0 0 0 0 0 0 
35 0 0 0 0 0 0 0 0 0 0 0 0 0 0 0 0 0 0 0 0 0 0 0 
64 0 2 1 0 2 0 0 1 1 1 1 0 1 0 1 1 2 2 1 1 1 1 0 
6 0 0 0 0 0 0 0 0 0 0 0 0 0 0 0 0 0 0 0 0 0 0 0 
