554633.117
554355.471
549287.616
551572.564
550311.601
538362.008
546553.579
548191.025
545184.179
549389.831
547303.633
553777.955
551762.687
549588.525
539971.417
543724.967
539522.061
544385.120
552591.338
545457.536
548985.056
542451.694
551174.043
540634.367
535055.615
540340.870
542300.945
542623.332
545464.476
548156.034
537486.508
550069.976
551143.719
544180.849
549670.384
537705.578
548376.396
549835.963
547850.367
543341.955
541707.389
541419.897
553715.476
548159.791
544227.239
548285.965
545552.958
546498.410
553662.888
543266.753
548167.772
546015.485
546491.034
547963.760
550662.242
544412.224
547895.489
550373.832
551148.718
550428.134
542840.180
550063.096
556198.967
539559.969
542096.400
551041.728
545519.802
543586.518
534346.590
539119.655
548659.448
541633.083
553386.936
545804.205
550150.777
552160.919
548003.625
544706.274
547455.971
547765.039
543896.343
547777.827
544152.351
548588.750
547125.507
543275.838
552297.813
545512.507
549344.757
544754.234
541904.096
534211.340
545670.204
537485.940
537274.886
553151.652
545415.673
549410.806
548790.102
547794.781
