1 2 2 2 2 2 2 2 2 2 2 2 2 2 2 2 2 2 2 2 2 2 2 2
4 2 2 2 2 2 2 2 2 2 2 2 2 3 2 3 2 2 2 2 3 2 2 2
2 2 2 2 2 2 2 2 2 2 2 2 2 2 2 2 2 2 2 2 2 2 2 2
8 3 3 3 3 3 3 3 3 3 3 3 3 3 3 3 3 3 3 3 3 3 3 3
4 6 6 6 6 6 6 6 6 6 6 6 6 6 6 6 6 6 6 6 6 6 6 6
6 3 3 3 3 3 3 3 3 3 3 3 3 3 3 3 3 3 3 3 3 3 3 3
4 3 3 3 3 3 3 3 3 3 3 3 3 2 3 2 3 3 3 3 2 3 3 3
1 3 3 3 3 3 3 3 3 3 3 3 3 3 3 3 3 3 3 3 3 3 3 3
1 2 8 2 8 8 8 2 8 8 2 8 2 2 2 2 8 8 8 8 2 2 8 8
1 2 2 8 2 2 2 2 2 2 2 2 2 2 2 2 2 2 2 2 2 2 2 2
1 3 3 3 3 3 3 3 3 3 3 3 3 3 3 3 3 3 3 3 3 3 3 3
3 6 6 6 6 6 6 6 6 6 6 6 6 6 6 6 6 6 6 6 6 6 6 6
7 3 3 3 3 3 3 3 3 3 3 3 3 3 3 3 3 3 3 3 3 3 3 3
1 3 3 2 2 2 6 8 6 2 6 2 8 8 8 8 3 6 3 2 8 8 3 6
1 6 3 3 3 3 3 8 3 6 3 3 8 2 8 6 3 3 6 2 6 6 2 6
1 3 6 2 2 2 6 8 6 2 6 2 8 6 8 8 6 6 6 2 6 8 3 6
8 6 6 2 2 3 2 3 6 3 3 3 3 3 8 2 6 3 6 3 3 8 2 2
1 8 2 6 6 6 2 6 2 3 8 6 3 8 6 2 2 2 2 6 8 3 6 2
7 8 6 2 2 2 3 3 3 2 3 2 8 2 8 8 6 3 3 2 2 8 2 3
7 3 3 3 3 3 3 3 3 3 3 3 3 3 3 3 3 3 3 3 3 3 3 3
7 6 6 2 3 3 3 8 6 6 8 6 6 3 3 2 6 2 6 3 6 3 6 6
7 3 3 6 6 6 6 6 6 3 8 3 6 3 3 8 6 6 6 6 6 3 3 3
7 3 3 3 3 3 3 3 3 3 3 3 3 3 3 3 3 3 3 3 3 3 3 3
7 3 6 2 3 6 6 8 6 6 3 6 3 3 2 8 6 6 2 6 2 6 2 3
7 3 3 3 3 3 3 3 3 3 3 3 3 3 3 3 3 3 3 3 3 3 3 3
7 3 3 3 3 6 3 8 3 6 3 3 3 2 3 6 3 6 6 6 3 6 6 6
4 3 6 3 3 3 3 8 3 6 3 6 3 6 3 6 2 3 3 6 2 3 3 3
7 3 3 2 3 6 3 8 6 6 3 6 3 3 3 8 2 3 2 3 2 3 3 3
7 3 3 2 3 6 3 3 6 3 3 6 3 3 6 3 3 3 2 6 2 3 2 3
7 3 3 3 3 6 6 8 3 6 3 3 3 2 6 6 2 3 6 6 3 6 6 6
8 3 3 3 3 3 3 8 3 3 3 6 3 3 3 3 2 3 3 3 2 3 2 3
7 3 3 3 3 3 3 3 3 3 3 3 3 3 3 3 3 3 3 3 3 3 3 3
7 3 3 3 3 3 3 3 3 3 3 3 3 3 3 3 3 3 3 3 3 3 3 3
3 3 3 3 3 3 3 3 3 3 3 3 3 3 3 3 3 3 3 3 3 3 3 3
7 3 6 2 3 6 6 8 6 6 3 6 3 2 6 2 2 6 2 6 2 6 6 6
7 3 3 3 3 3 3 3 3 3 3 3 3 3 3 3 3 3 3 3 3 3 3 3
3 3 3 3 3 3 3 3 3 3 3 3 3 3 3 3 3 3 3 3 3 3 3 3
7 3 6 2 3 6 3 8 3 6 3 6 3 2 3 8 3 6 6 3 2 3 2 6
6 3 3 3 3 3 3 3 3 3 3 3 3 3 3 3 3 3 3 3 3 3 3 3
7 3 3 3 3 3 3 3 3 3 3 6 3 3 3 3 3 3 3 3 3 3 2 3
3 3 3 3 3 3 3 3 3 3 3 3 3 3 3 3 3 3 3 3 3 3 3 3
7 3 6 3 3 6 6 3 6 6 3 6 3 2 3 3 3 3 2 3 6 6 6 3
3 3 3 3 3 3 3 3 3 3 3 3 3 3 3 3 3 3 3 3 3 3 3 3
7 3 3 3 3 3 3 3 3 3 3 3 3 3 3 3 3 3 3 3 3 3 3 3
7 3 3 3 3 3 3 3 3 3 3 3 3 3 3 3 3 3 3 3 3 3 3 3
4 3 6 2 3 6 6 8 6 6 3 6 3 2 3 8 2 6 6 3 2 6 3 3
6 3 3 3 3 3 3 3 3 3 3 3 3 3 3 3 3 3 3 3 3 3 3 3
7 3 3 3 3 3 3 3 3 3 3 3 3 3 3 3 3 3 3 3 3 3 3 3
1 3 6 2 3 6 3 3 6 6 3 6 3 3 3 2 2 3 6 6 3 3 2 3
3 3 3 3 3 3 3 3 3 3 3 3 3 3 3 3 3 3 3 3 3 3 3 3
