1352 1454 1460 1452 1450 1479 1456 1426 1478 1474 1472 1460 1457 1460 1467 1477 1470 1461 1456 1452 1450 1437 1437 1484 
1371 1314 1333 1344 1360 1334 1360 1367 1383 1335 1339 1332 1334 1319 1348 1335 1341 1336 1336 1353 1355 1337 1340 1328 
5990 5990 5990 5990 5990 5990 5990 5990 5990 5990 5990 5990 5990 5990 5990 5990 5990 5990 5990 5990 5990 5990 5990 5990 
5474 3256 3199 3189 3171 3252 3176 3274 3045 3235 3227 3030 3166 3166 3229 3317 3191 3297 3258 3138 3077 2915 3200 3148 
2770 1903 1869 1852 1920 1824 1900 1754 2027 1960 1943 1995 1933 1834 1900 1862 1911 1741 1855 1779 1947 2104 1834 2046 
5990 5384 5402 5364 5285 5363 5324 5371 5369 5343 5393 5325 5385 5319 5341 5238 5340 5199 5259 5376 5337 5585 5512 5276 
1704 587 597 675 690 651 616 677 592 516 482 726 568 688 658 616 602 763 629 798 645 589 576 654 
682 79 87 78 77 90 96 85 83 115 89 93 108 129 51 125 105 99 115 85 94 83 101 62 
715 0 5 0 0 0 0 7 0 7 0 5 0 0 5 0 7 0 6 4 7 0 3 0 
662 0 1 0 0 0 0 3 0 0 0 0 0 0 0 0 3 0 0 6 6 0 6 0 
654 46 55 51 39 46 49 47 47 48 57 56 62 59 28 48 46 67 61 52 46 33 39 25 
5990 7 15 16 14 5 35 15 7 7 20 9 10 26 12 1 8 5 10 0 42 0 12 8 
431 20 30 24 18 17 24 24 23 18 33 18 23 32 9 14 26 38 41 17 26 17 11 9 
543 0 0 0 0 0 0 0 0 0 0 0 0 0 0 0 0 0 0 0 0 0 0 0 
543 0 0 0 0 0 0 0 0 0 0 0 0 0 0 0 0 0 0 0 0 0 0 0 
528 0 0 0 0 0 0 0 0 0 0 0 0 0 0 0 0 0 0 0 0 0 0 0 
423 0 0 0 0 0 0 0 0 0 0 0 0 0 0 0 0 0 0 0 0 0 0 0 
255 0 0 0 0 0 0 0 0 0 0 0 0 0 0 0 0 0 0 2 0 0 1 0 
214 0 0 0 0 0 0 0 0 0 0 0 0 0 0 0 0 0 0 0 0 0 0 0 
88 9 4 10 10 0 10 8 9 3 3 1 10 4 3 2 6 10 7 3 17 0 6 0 
194 0 0 0 0 0 0 0 0 0 0 0 0 0 0 0 0 0 0 0 0 0 0 0 
230 0 0 0 0 0 0 0 0 0 0 0 0 0 0 0 0 0 0 0 0 0 0 0 
174 2 6 4 3 2 5 4 4 4 4 3 3 7 1 1 2 7 7 0 5 0 3 2 
176 0 0 0 0 0 0 0 0 0 0 0 0 0 0 0 0 0 0 0 0 0 0 0 
124 0 0 0 1 0 2 1 1 0 1 1 1 2 1 0 0 1 1 0 1 0 1 0 
129 0 0 0 0 0 0 0 0 0 0 0 0 0 0 0 0 0 0 0 0 0 0 0 
133 0 0 0 0 0 0 0 0 0 0 0 0 0 0 0 0 0 0 0 0 0 0 0 
112 0 0 0 0 0 0 0 0 0 0 0 0 0 0 0 0 0 0 0 0 0 0 0 
104 0 0 0 0 0 0 0 0 0 0 0 0 0 0 0 0 0 0 0 0 0 0 0 
69 0 0 0 0 0 0 0 0 0 0 0 0 0 0 0 0 0 0 0 0 0 0 0 
96 0 0 0 0 0 0 0 0 0 0 0 0 0 0 0 0 0 0 0 0 0 0 0 
82 0 1 0 1 0 2 1 0 0 1 1 2 4 0 0 0 2 2 0 2 0 1 1 
72 0 2 1 1 0 2 1 0 0 1 1 2 3 0 0 0 1 2 0 2 0 1 1 
0 0 0 0 0 0 0 0 0 0 0 0 0 0 0 0 0 0 0 0 0 0 0 0 
70 0 0 0 0 0 0 0 0 0 0 0 0 0 0 0 0 0 0 0 0 0 0 0 
29 0 0 0 0 0 0 0 0 0 0 0 0 0 0 0 0 0 0 0 0 0 0 0 
4 0 0 0 0 0 0 0 0 0 0 0 0 0 0 0 0 0 0 0 0 0 0 0 
42 0 0 0 0 0 0 0 0 0 0 0 0 0 0 0 0 0 0 0 0 0 0 0 
1 0 0 0 0 0 0 0 0 0 0 0 0 0 0 0 0 0 0 0 0 0 0 0 
57 0 0 0 0 0 0 0 0 0 0 0 0 0 0 0 0 0 0 0 0 0 0 0 
0 0 0 0 0 0 0 0 0 0 0 0 0 0 0 0 0 0 0 0 0 0 0 0 
41 0 0 0 0 0 0 0 0 0 0 0 0 0 0 0 0 0 0 0 0 0 0 0 
0 0 0 0 0 0 0 0 0 0 0 0 0 0 0 0 0 0 0 0 0 0 0 0 
42 0 1 0 0 0 0 0 0 0 0 0 1 1 0 0 0 0 0 0 0 0 0 0 
33 0 0 0 0 0 0 0 0 0 0 0 0 0 0 0 0 0 0 0 0 0 0 0 
22 0 0 0 0 0 0 0 0 0 0 0 0 0 0 0 0 0 0 0 0 0 0 0 
1 0 0 0 0 0 0 0 0 0 0 0 0 0 0 0 0 0 0 0 0 0 0 0 
35 0 0 0 0 0 0 0 0 0 0 0 0 0 0 0 0 0 0 0 0 0 0 0 
64 0 0 0 0 0 0 0 0 0 0 0 0 0 0 0 0 0 0 0 0 0 0 0 
6 0 0 0 0 0 0 0 0 0 0 0 0 0 0 0 0 0 0 0 0 0 0 0 
