1567.13168064851 2 9 2035 0.793848483016527
1462.30152799608 1 9 1762 0.709439817699165
11539.75 3 9 1 0.605410705907975
5471.53846153846 2 9 6691 0.583100718961006
2767.5 1 9 7550 0.505926855671902
7456.05 3 9 10090 0.505595456932951
1701.60869565217 1 9 9276 0.486052410122101
705.583333333333 3 9 121 0.480875775606402
714.275 2 9 673 0.47719642719211
660.6375 2 9 137 0.4670698693526
652.158333333333 3 9 108 0.465148618869448
7179.9 1 9 9000 0.45767916669453
572.966666666667 3 9 591 0.448519862555002
542.945833333333 1 9 1091 0.448106441331741
540.775 1 9 75 0.445229935926649
525.4 1 9 99 0.444309218021738
422.354166666667 1 9 196 0.427376568347021
370.9625 2 9 353 0.418944493155282
211.191666666667 2 9 5308 0.417757382294449
344.945833333333 3 9 2155 0.416525851946783
194.154166666667 1 9 0 0.407805653625939
236.241666666667 1 9 42 0.403535842712219
173.4625 3 9 138 0.396938125115809
171.695833333333 2 9 91 0.394896695171178
119.845833333333 3 9 612 0.390842191916524
125.454166666667 1 8 1998 0.389627983996385
132.9375 1 9 300 0.389509323902206
109.729166666667 2 9 461 0.386824509590825
100.170833333333 2 9 1215 0.384867510340463
64.5125 1 9 89 0.38406976293272
96.8333333333333 2 9 524 0.383417359781258
80.1541666666667 3 9 111 0.382861227410482
78.5083333333333 3 9 20 0.382758151947318
0.379166666666667 3 1 1 0.381378876788756
68.3583333333333 1 9 389 0.381042646328556
28.8 2 9 25 0.380925123395822
1.0375 3 6 1 0.380922930076354
39.5166666666667 1 9 512 0.38054671266633
0.970833333333333 3 1 1 0.380279165178701
54.7416666666667 2 9 393 0.379875898125311
0.183333333333333 3 1 1 0.37902401151876
37.05 1 9 132 0.378787174659507
0.320833333333333 1 1 0 0.378543907267141
45.5458333333333 3 8 730 0.378134329354639
35.6375 2 9 400 0.377531817429635
27.1625 1 9 14 0.377331178517916
0.475 2 1 400 0.376794240995977
33.2666666666667 2 9 674 0.37631900329899
65.3916666666667 1 9 1200 0.375667044503209
26.8708333333333 2 9 83 0.374997044546502
