1352 1492 1469 1480 1471 1470 1481 1473 1443 1496 1459 1458 1480 1484 1470 1448 1492 1480 1455 1457 1463 1454 1443 1469 
1371 1301 1345 1401 1330 1357 1342 1302 1322 1353 1313 1396 1339 1354 1358 1315 1313 1326 1345 1380 1322 1300 1312 1333 
5990 5990 5990 5990 5990 5990 5990 5990 5990 5990 5990 5990 5990 5990 5990 5990 5990 5990 5990 5990 5990 5990 5990 5990 
5474 4985 4613 4892 4693 4981 4761 4771 4911 4815 4580 4572 4819 4856 4787 4790 4714 4622 5006 4740 4915 4609 4805 4830 
709 689 692 687 690 689 690 697 686 689 691 689 693 693 692 687 686 689 693 687 688 694 691 686 
647 617 641 635 621 655 641 622 627 616 645 630 636 618 643 616 623 647 647 598 638 644 627 631 
664 643 643 646 641 643 642 643 637 641 638 631 641 646 641 643 643 640 639 640 642 641 642 641 
631 636 631 638 638 636 635 636 637 631 637 642 641 640 636 638 637 641 641 638 638 637 636 641 
5990 5392 5473 5251 5220 5311 5392 5419 5074 5382 5484 5309 5240 5210 5094 5387 5303 5309 5479 5455 5424 5340 5407 5425 
574 463 480 483 476 505 501 482 483 472 517 485 479 497 495 473 494 483 481 467 493 510 490 514 
545 362 398 434 404 384 436 398 382 378 380 404 423 383 383 378 373 384 304 391 407 380 426 373 
542 531 530 533 528 531 531 529 527 533 530 530 530 531 532 532 529 528 529 529 530 530 532 532 
501 509 509 513 513 504 514 511 516 513 510 513 513 514 519 518 511 513 511 509 513 518 514 511 
422 394 392 389 387 403 395 396 386 388 397 396 402 406 387 389 389 400 395 397 406 397 394 392 
374 291 317 310 334 325 327 319 323 336 321 311 317 318 333 316 324 314 321 329 310 311 320 327 
214 121 113 115 114 115 117 121 87 103 100 89 100 97 107 83 97 111 115 113 111 108 97 144 
195 195 195 195 194 194 195 195 195 194 194 194 195 195 195 194 195 195 195 195 195 195 195 195 
222 231 230 230 231 230 230 230 231 230 232 230 231 230 229 231 228 230 230 231 230 233 230 230 
176 149 150 155 153 148 153 154 150 149 159 156 150 148 150 155 165 150 148 152 151 157 155 160 
143 159 159 156 160 155 161 159 158 158 157 160 160 157 156 165 157 160 158 163 158 158 160 154 
3 68 67 75 70 62 63 69 65 67 68 80 69 71 75 69 70 72 65 47 76 69 74 74 
126 62 64 67 62 70 94 70 75 71 69 58 66 65 98 74 70 64 63 59 73 68 94 57 
133 94 89 95 93 91 106 88 83 94 99 106 85 88 92 81 81 96 90 86 100 86 95 112 
114 62 61 69 62 75 86 73 65 65 65 73 64 59 64 60 65 62 66 55 71 53 61 63 
31 55 59 55 53 56 53 51 50 51 48 56 52 52 52 52 49 51 52 53 53 50 54 50 
98 57 52 52 58 61 56 51 53 53 61 57 57 60 52 57 57 54 51 60 54 56 67 54 
80 61 65 65 62 65 73 66 63 66 64 65 60 70 58 67 65 64 66 65 66 62 60 66 
73 76 75 75 76 74 75 76 75 75 76 75 76 75 75 76 76 75 75 75 75 77 75 75 
0 0 0 0 0 0 0 0 0 0 0 0 0 0 0 0 0 0 0 0 0 0 0 0 
33 26 25 26 23 26 26 26 25 26 26 25 22 24 25 25 26 26 25 25 23 24 25 27 
3 0 0 0 0 0 0 0 0 0 0 0 0 0 0 0 0 0 0 0 0 0 0 0 
1 0 0 0 0 0 0 0 0 0 0 0 0 0 0 0 0 0 0 0 0 0 0 0 
0 0 0 0 0 0 0 0 0 0 0 0 0 0 0 0 0 0 0 0 0 0 0 0 
25 22 29 25 22 22 25 22 23 22 21 22 24 24 22 21 23 24 25 24 24 23 22 24 
0 0 0 0 0 0 0 0 0 0 0 0 0 0 0 0 0 0 0 0 0 0 0 0 
26 26 24 27 25 25 26 25 24 24 25 25 25 26 25 26 26 25 26 24 24 25 26 25 
1 0 0 0 0 0 0 0 0 0 0 0 0 0 0 0 0 0 0 0 0 0 0 0 
30 18 22 18 18 17 16 16 16 15 22 15 16 18 19 17 17 19 22 17 15 18 19 16 
0 0 0 0 0 0 0 0 0 0 0 0 0 0 0 0 0 0 0 0 0 0 0 0 
0 0 0 0 0 0 0 0 0 0 0 0 0 0 0 0 0 0 0 0 0 0 0 0 
0 0 0 0 0 0 0 0 0 0 0 0 0 0 0 0 0 0 0 0 0 0 0 0 
0 0 0 0 0 0 0 0 0 0 0 0 0 0 0 0 0 0 0 0 0 0 0 0 
3 1 2 1 1 1 1 1 1 1 1 1 1 1 1 1 1 1 1 1 1 1 1 1 
0 0 0 0 0 0 0 0 0 0 0 0 0 0 0 0 0 0 0 0 0 0 0 0 
1 0 0 0 0 0 0 0 0 0 0 0 0 0 0 0 0 0 0 0 0 0 0 0 
0 0 0 0 0 0 0 0 0 0 0 0 0 0 0 0 0 0 0 0 0 0 0 0 
0 0 0 0 0 0 0 0 0 0 0 0 0 0 0 0 0 0 0 0 0 0 0 0 
1 0 0 0 0 0 0 0 0 0 0 0 0 0 0 0 0 0 0 0 0 0 0 0 
0 0 0 0 0 0 0 0 0 0 0 0 0 0 0 0 0 0 0 0 0 0 0 0 
0 0 0 0 0 0 0 0 0 0 0 0 0 0 0 0 0 0 0 0 0 0 0 0 
3 0 0 0 0 0 0 0 0 0 0 0 0 0 0 0 0 0 0 0 0 0 0 0 
3 0 0 0 0 0 0 0 0 0 0 0 0 0 0 0 0 0 0 0 0 0 0 0 
1 0 0 0 0 0 0 0 0 0 0 0 0 0 0 0 0 0 0 0 0 0 0 0 
0 0 0 0 0 0 0 0 0 0 0 0 0 0 0 0 0 0 0 0 0 0 0 0 
0 0 0 0 0 0 0 0 0 0 0 0 0 0 0 0 0 0 0 0 0 0 0 0 
0 0 0 0 0 0 0 0 0 0 0 0 0 0 0 0 0 0 0 0 0 0 0 0 
1 0 0 0 0 0 0 0 0 0 0 0 0 0 0 0 0 0 0 0 0 0 0 0 
1 0 0 0 0 0 0 0 0 0 0 0 0 0 1 0 0 0 0 0 0 0 0 0 
0 0 0 0 0 0 0 0 0 0 0 0 0 0 0 0 0 0 0 0 0 0 0 0 
0 0 0 0 0 0 0 0 0 0 0 0 0 0 0 0 0 0 0 0 0 0 0 0 
1 0 0 0 0 0 0 0 0 0 0 0 0 0 0 0 0 0 0 0 0 0 0 0 
0 0 0 0 0 0 0 0 0 0 0 0 0 0 0 0 0 0 0 0 0 0 0 0 
1 0 0 0 0 0 0 0 0 0 0 0 0 0 0 0 0 0 0 0 0 0 0 0 
0 0 0 0 0 0 0 0 0 0 0 0 0 0 0 0 0 0 0 0 0 0 0 0 
0 0 0 0 0 0 0 0 0 0 0 0 0 0 0 0 0 0 0 0 0 0 0 0 
0 0 0 0 0 0 0 0 0 0 0 0 0 0 0 0 0 0 0 0 0 0 0 0 
0 0 0 0 0 0 0 0 0 0 0 0 0 0 0 0 0 0 0 0 0 0 0 0 
0 0 0 0 0 0 0 0 0 0 0 0 0 0 0 0 0 0 0 0 0 0 0 0 
