674016.366
676825.200
671829.858
679285.266
685334.502
683606.916
687215.802
673345.674
667247.694
686251.914
662523.966
677904.678
685296.852
678854.856
662224.236
667168.668
673021.932
677894.490
677128.314
684008.178
664409.268
681291.000
691491.330
669275.124
684861.036
685758.672
671643.828
688599.474
668671.836
677571.900
672746.628
667538.580
665429.400
669548.538
677258.292
666370.656
671397.654
671248.338
672666.258
669634.374
667725.552
674910.960
687078.180
678707.292
666702.804
680407.110
684972.540
669580.902
664277.142
674530.626
