1567.13168064851 1 9 2035 0.793848483016527
1462.30152799608 3 9 1762 0.709439817699165
11539.75 3 9 1 0.605410705907975
5471.53846153846 2 9 6691 0.583100718961006
705.583333333333 1 9 121 0.480875775606402
714.275 2 9 673 0.47719642719211
660.6375 1 9 137 0.4670698693526
652.158333333333 1 9 108 0.465148618869448
7179.9 1 9 9000 0.45767916669453
572.966666666667 2 9 591 0.448519862555002
542.945833333333 3 9 1091 0.448106441331741
540.775 3 9 75 0.445229935926649
525.4 3 9 99 0.444309218021738
422.354166666667 3 9 196 0.427376568347021
370.9625 1 9 353 0.418944493155282
211.191666666667 3 9 5308 0.417757382294449
194.154166666667 3 9 0 0.407805653625939
236.241666666667 3 9 42 0.403535842712219
173.4625 3 9 138 0.396938125115809
171.695833333333 2 9 91 0.394896695171178
119.845833333333 2 9 612 0.390842191916524
125.454166666667 2 8 1998 0.389627983996385
132.9375 2 9 300 0.389509323902206
109.729166666667 2 9 461 0.386824509590825
64.5125 3 9 89 0.38406976293272
96.8333333333333 2 9 524 0.383417359781258
80.1541666666667 3 9 111 0.382861227410482
78.5083333333333 3 9 20 0.382758151947318
0.379166666666667 3 1 1 0.381378876788756
28.8 1 9 25 0.380925123395822
1.0375 3 6 1 0.380922930076354
0.970833333333333 3 1 1 0.380279165178701
0.183333333333333 3 1 1 0.37902401151876
37.05 1 9 132 0.378787174659507
0.320833333333333 1 1 0 0.378543907267141
27.1625 1 9 14 0.377331178517916
0.475 2 1 400 0.376794240995977
26.8708333333333 1 9 83 0.374997044546502
0.216666666666667 2 0 1 0.374887422348683
0.383333333333333 3 1 1 0.374717877794771
0.216666666666667 2 0 1 0.374209288334227
0.125 3 1 1 0.374037291201422
1.44166666666667 1 8 1 0.373988324533665
0.15 1 1 1 0.373262837646121
0.933333333333333 3 6 1 0.372083624014636
0.45 2 1 150 0.371975911196621
0.204166666666667 2 0 1 0.37158690594173
0.2125 2 2 1 0.371534859651381
0.125 3 1 1 0.371458953419708
1.025 3 1 1 0.369563836644995
0.675 1 7 1 0.369334603830485
0.141666666666667 2 6 1 0.369019449910371
0.679166666666667 1 4 0 0.367827204799768
0.2125 2 1 1 0.367546253691979
1.63333333333333 1 1 1 0.367519121768993
0.116666666666667 1 1 1 0.367461724393324
1.44166666666667 2 1 1 0.367109161367954
0.133333333333333 2 8 1 0.366112200448758
0.929166666666667 3 4 1 0.365997929992229
0.283333333333333 2 1 1 0.365807027031836
1.525 2 1 1 0.365503850176759
1.5625 3 1 1 0.36536899667423
1.49583333333333 2 1 1 0.364895933626383
0.420833333333333 2 5 1 0.364521584812105
1.60416666666667 3 1 1 0.364364875183086
0.275 2 1 1 0.363802772080335
0.516666666666667 2 1 1 0.36378392076791
0.129166666666667 3 1 1 0.363016988127908
